O1: 404.4117647058824 ohms
O2: 666.6666666666666 ohms
O3: 1071.078431372549 ohms
